
массив человечка
[ [[100, 70],[100, 120]],   [[100, 80],[70, 100]],   [[100, 80], [130, 100]],   [[101, 118],[70, 150]],   [[99, 118],[130, 150]],   [[20, 180],[180, 180]],   [[40, 20],[40, 180]],   [[160, 20],[160, 180]],   [[37, 20],[163, 20]],   [[100, 20],[100, 50]]  ]

массив человечка простой
(100,70,100,120,100,80,70,100,100,80,130,100,101,118,70,150,99,118,130,150,20,180,180,180,40,20,40,180,160,20,160,180,37,20,163,20,100,20,100,50)



человечек
				ctx.moveTo(100, 70);// тулов
				ctx.lineTo(100, 120); 

				ctx.moveTo(100, 80);//л рук
				ctx.lineTo(70, 100); 

				ctx.moveTo(100, 80);//п рук
				ctx.lineTo(130, 100); 

				ctx.moveTo(101, 118);//л ног
				ctx.lineTo(70, 150); 

				ctx.moveTo(99, 118);//п ног
				ctx.lineTo(130, 150); 


				ctx.moveTo(20, 180); // низ
				ctx.lineTo(180, 180); 

				ctx.moveTo(40, 20); // л стой
				ctx.lineTo(40, 180); 

				ctx.moveTo(160, 20); // п стой
				ctx.lineTo(160, 180); 

				ctx.moveTo(37, 20); // верх
				ctx.lineTo(163, 20); 

				ctx.moveTo(100, 20); // верх
				ctx.lineTo(100, 50); 

				ctx.stroke();